%% Markov Chain Model for Different Settings

M1 = [
         0         0         0         0    0.2500    0.2500         0    0.2500    0.2500;
         0         0         0         0    0.5000         0         0    0.5000         0;
         0         0         0         0         0    0.5000         0         0    0.5000;
         0         0         0         0    0.5000    0.5000         0         0         0;
    1.0000         0         0         0         0         0         0         0         0;
         0    1.0000         0         0         0         0         0         0         0;
         0         0         0         0         0         0         0    0.5000    0.5000;
         0         0         0    1.0000         0         0         0         0         0;
         0         0         0         0    1.0000         0         0         0         0
     ];
 
 M2 = [
         0         0         0         0    0.2500    0.2500         0    0.2500    0.2500;
         0         0         0    0.5000         0         0    0.5000         0         0;
         0         0         0         0    0.5000         0         0    0.5000         0;
         0    0.5000    0.5000         0         0         0         0         0         0;
    1.0000         0         0         0         0         0         0         0         0;
         0    1.0000         0         0         0         0         0         0         0;
         0         0         0         0    0.5000    0.5000         0         0         0;
         0         0         0    1.0000         0         0         0         0         0;
         0         0         0         0    1.0000         0         0         0         0
     ];
 
 M3 = [
     1/9    1/9     1/9     1/9     1/9     1/9     1/9     1/9     1/9;
     0      1/3     0       0       1/3     0       0       1/3     0;
     0      0       1/3     0       0       1/3     0       0       1/3;
     0      0       0       1/3     1/3     1/3     0       0       0;
     1      0       0       0       0       0       0       0       0;
     0      1       0       0       0       0       0       0       0;
     0      0       0       0       0       0       1/3     1/3     1/3;
     0      0       0       1       0       0       0       0       0;
     0      0       0       0       1       0       0       0       0
     ];
 
 M4 = [
     1/9    1/9     1/9     1/9     1/9     1/9     1/9     1/9     1/9;
     1/3    0       0       1/3     0       0       1/3     0       0;
     0      1/3     0       0       1/3     0       0       1/3     0;
     1/3    1/3     1/3     0       0       0       0       0       0;
     1      0       0       0       0       0       0       0       0;
     0      1       0       0       0       0       0       0       0;
     0      0       0       1/3     1/3     1/3     0       0       0;
     0      0       0       1       0       0       0       0       0;
     0      0       0       0       1       0       0       0       0
     ];